Examples/test4.asc
NCOLS 30
NROWS 10
XLLCENTER 0
YLLCENTER 0
CELLSIZE 25
NODATA -999
0 5.37426 10.4972 15.1294 19.0541 22.0878 24.0887 24.9633 24.6707 23.2244 20.6922 17.1925 12.8888 7.98254 2.70298 -2.70298 -7.98254 -12.8888 -17.1925 -20.6922 -23.2244 -24.6707 -24.9633 -24.0887 -22.0878 -19.0541 -15.1294 -10.4972 -5.37426 -6.12323e-15 
0 5.37426 10.4972 15.1294 19.0541 22.0878 24.0887 24.9633 24.6707 23.2244 20.6922 17.1925 12.8888 7.98254 2.70298 -2.70298 -7.98254 -12.8888 -17.1925 -20.6922 -23.2244 -24.6707 -24.9633 -24.0887 -22.0878 -19.0541 -15.1294 -10.4972 -5.37426 -6.12323e-15 
0 5.37426 10.4972 15.1294 19.0541 22.0878 24.0887 24.9633 24.6707 23.2244 20.6922 17.1925 12.8888 7.98254 2.70298 -2.70298 -7.98254 -12.8888 -17.1925 -20.6922 -23.2244 -24.6707 -24.9633 -24.0887 -22.0878 -19.0541 -15.1294 -10.4972 -5.37426 -6.12323e-15 
0 5.37426 10.4972 15.1294 19.0541 22.0878 24.0887 24.9633 24.6707 23.2244 20.6922 17.1925 12.8888 7.98254 2.70298 -2.70298 -7.98254 -12.8888 -17.1925 -20.6922 -23.2244 -24.6707 -24.9633 -24.0887 -22.0878 -19.0541 -15.1294 -10.4972 -5.37426 -6.12323e-15 
0 5.37426 10.4972 15.1294 19.0541 22.0878 24.0887 24.9633 24.6707 23.2244 20.6922 17.1925 12.8888 7.98254 2.70298 -2.70298 -7.98254 -12.8888 -17.1925 -20.6922 -23.2244 -24.6707 -24.9633 -24.0887 -22.0878 -19.0541 -15.1294 -10.4972 -5.37426 -6.12323e-15 
0 5.37426 10.4972 15.1294 19.0541 22.0878 24.0887 24.9633 24.6707 23.2244 20.6922 17.1925 12.8888 7.98254 2.70298 -2.70298 -7.98254 -12.8888 -17.1925 -20.6922 -23.2244 -24.6707 -24.9633 -24.0887 -22.0878 -19.0541 -15.1294 -10.4972 -5.37426 -6.12323e-15 
0 5.37426 10.4972 15.1294 19.0541 22.0878 24.0887 24.9633 24.6707 23.2244 20.6922 17.1925 12.8888 7.98254 2.70298 -2.70298 -7.98254 -12.8888 -17.1925 -20.6922 -23.2244 -24.6707 -24.9633 -24.0887 -22.0878 -19.0541 -15.1294 -10.4972 -5.37426 -6.12323e-15 
0 5.37426 10.4972 15.1294 19.0541 22.0878 24.0887 24.9633 24.6707 23.2244 20.6922 17.1925 12.8888 7.98254 2.70298 -2.70298 -7.98254 -12.8888 -17.1925 -20.6922 -23.2244 -24.6707 -24.9633 -24.0887 -22.0878 -19.0541 -15.1294 -10.4972 -5.37426 -6.12323e-15 
0 5.37426 10.4972 15.1294 19.0541 22.0878 24.0887 24.9633 24.6707 23.2244 20.6922 17.1925 12.8888 7.98254 2.70298 -2.70298 -7.98254 -12.8888 -17.1925 -20.6922 -23.2244 -24.6707 -24.9633 -24.0887 -22.0878 -19.0541 -15.1294 -10.4972 -5.37426 -6.12323e-15 
0 5.37426 10.4972 15.1294 19.0541 22.0878 24.0887 24.9633 24.6707 23.2244 20.6922 17.1925 12.8888 7.98254 2.70298 -2.70298 -7.98254 -12.8888 -17.1925 -20.6922 -23.2244 -24.6707 -24.9633 -24.0887 -22.0878 -19.0541 -15.1294 -10.4972 -5.37426 -6.12323e-15 
